/*--------------------------------*- C++ -*----------------------------------*\
| =========                 |                                                 |
| \\      /  F ield         | OpenFOAM: The Open Source CFD Toolbox           |
|  \\    /   O peration     | Version:  v1712                                 |
|   \\  /    A nd           | Web:      www.OpenFOAM.com                      |
|    \\/     M anipulation  |                                                 |
\*---------------------------------------------------------------------------*/
FoamFile
{
    version     2.0;
    format      ascii;
    class       labelList;
    location    "constant/polyMesh";
    object      cellProcAddressing;
}
// * * * * * * * * * * * * * * * * * * * * * * * * * * * * * * * * * * * * * //


200
(
0
1
2
3
4
5
6
7
8
9
20
21
22
23
24
25
26
27
28
29
40
41
42
43
44
45
46
47
48
49
60
61
62
63
64
65
66
67
68
69
80
81
82
83
84
85
86
87
88
89
100
101
102
103
104
105
106
107
108
109
120
121
122
123
124
125
126
127
128
129
140
141
142
143
144
145
146
147
148
149
160
161
162
163
164
165
166
167
168
169
180
181
182
183
184
185
186
187
188
189
200
201
202
203
204
205
206
207
208
209
220
221
222
223
224
225
226
227
228
229
240
241
242
243
244
245
246
247
248
249
260
261
262
263
264
265
266
267
268
269
280
281
282
283
284
285
286
287
288
289
300
301
302
303
304
305
306
307
308
309
320
321
322
323
324
325
326
327
328
329
340
341
342
343
344
345
346
347
348
349
360
361
362
363
364
365
366
367
368
369
380
381
382
383
384
385
386
387
388
389
)


// ************************************************************************* //
