/*--------------------------------*- C++ -*----------------------------------*\
| =========                 |                                                 |
| \\      /  F ield         | OpenFOAM: The Open Source CFD Toolbox           |
|  \\    /   O peration     | Version:  v1712                                 |
|   \\  /    A nd           | Web:      www.OpenFOAM.com                      |
|    \\/     M anipulation  |                                                 |
\*---------------------------------------------------------------------------*/
FoamFile
{
    version     2.0;
    format      ascii;
    class       labelList;
    location    "constant/polyMesh";
    object      faceProcAddressing;
}
// * * * * * * * * * * * * * * * * * * * * * * * * * * * * * * * * * * * * * //


830
(
1
2
3
4
5
6
7
8
9
10
11
12
13
14
15
16
17
18
20
40
41
42
43
44
45
46
47
48
49
50
51
52
53
54
55
56
57
59
79
80
81
82
83
84
85
86
87
88
89
90
91
92
93
94
95
96
98
118
119
120
121
122
123
124
125
126
127
128
129
130
131
132
133
134
135
137
157
158
159
160
161
162
163
164
165
166
167
168
169
170
171
172
173
174
176
196
197
198
199
200
201
202
203
204
205
206
207
208
209
210
211
212
213
215
235
236
237
238
239
240
241
242
243
244
245
246
247
248
249
250
251
252
254
274
275
276
277
278
279
280
281
282
283
284
285
286
287
288
289
290
291
293
313
314
315
316
317
318
319
320
321
322
323
324
325
326
327
328
329
330
332
352
353
354
355
356
357
358
359
360
361
362
363
364
365
366
367
368
369
371
391
392
393
394
395
396
397
398
399
400
401
402
403
404
405
406
407
408
410
430
431
432
433
434
435
436
437
438
439
440
441
442
443
444
445
446
447
449
469
470
471
472
473
474
475
476
477
478
479
480
481
482
483
484
485
486
488
508
509
510
511
512
513
514
515
516
517
518
519
520
521
522
523
524
525
527
547
548
549
550
551
552
553
554
555
556
557
558
559
560
561
562
563
564
566
586
587
588
589
590
591
592
593
594
595
596
597
598
599
600
601
602
603
605
625
626
627
628
629
630
631
632
633
634
635
636
637
638
639
640
641
642
644
664
665
666
667
668
669
670
671
672
673
674
675
676
677
678
679
680
681
683
703
704
705
706
707
708
709
710
711
712
713
714
715
716
717
718
719
720
722
742
743
744
745
746
747
748
749
750
761
762
763
764
765
766
767
768
769
770
781
782
783
784
785
786
787
788
789
790
791
792
793
794
795
796
797
798
799
800
821
822
823
824
825
826
827
828
829
830
841
842
843
844
845
846
847
848
849
850
851
852
853
854
855
856
857
858
859
860
861
862
863
864
865
866
867
868
869
870
871
872
873
874
875
876
877
878
879
880
881
882
883
884
885
886
887
888
889
890
891
892
893
894
895
896
897
898
899
900
901
902
903
904
905
906
907
908
909
910
911
912
913
914
915
916
917
918
919
920
921
922
923
924
925
926
927
928
929
930
931
932
933
934
935
936
937
938
939
940
941
942
943
944
945
946
947
948
949
950
951
952
953
954
955
956
957
958
959
960
961
962
963
964
965
966
967
968
969
970
971
972
973
974
975
976
977
978
979
980
981
982
983
984
985
986
987
988
989
990
991
992
993
994
995
996
997
998
999
1000
1001
1002
1003
1004
1005
1006
1007
1008
1009
1010
1011
1012
1013
1014
1015
1016
1017
1018
1019
1020
1021
1022
1023
1024
1025
1026
1027
1028
1029
1030
1031
1032
1033
1034
1035
1036
1037
1038
1039
1040
1241
1242
1243
1244
1245
1246
1247
1248
1249
1250
1251
1252
1253
1254
1255
1256
1257
1258
1259
1260
1261
1262
1263
1264
1265
1266
1267
1268
1269
1270
1271
1272
1273
1274
1275
1276
1277
1278
1279
1280
1281
1282
1283
1284
1285
1286
1287
1288
1289
1290
1291
1292
1293
1294
1295
1296
1297
1298
1299
1300
1301
1302
1303
1304
1305
1306
1307
1308
1309
1310
1311
1312
1313
1314
1315
1316
1317
1318
1319
1320
1321
1322
1323
1324
1325
1326
1327
1328
1329
1330
1331
1332
1333
1334
1335
1336
1337
1338
1339
1340
1341
1342
1343
1344
1345
1346
1347
1348
1349
1350
1351
1352
1353
1354
1355
1356
1357
1358
1359
1360
1361
1362
1363
1364
1365
1366
1367
1368
1369
1370
1371
1372
1373
1374
1375
1376
1377
1378
1379
1380
1381
1382
1383
1384
1385
1386
1387
1388
1389
1390
1391
1392
1393
1394
1395
1396
1397
1398
1399
1400
1401
1402
1403
1404
1405
1406
1407
1408
1409
1410
1411
1412
1413
1414
1415
1416
1417
1418
1419
1420
1421
1422
1423
1424
1425
1426
1427
1428
1429
1430
1431
1432
1433
1434
1435
1436
1437
1438
1439
1440
19
58
97
136
175
214
253
292
331
370
409
448
487
526
565
604
643
682
721
751
)


// ************************************************************************* //
