/*--------------------------------*- C++ -*----------------------------------*\
| =========                 |                                                 |
| \\      /  F ield         | OpenFOAM: The Open Source CFD Toolbox           |
|  \\    /   O peration     | Version:  v1712                                 |
|   \\  /    A nd           | Web:      www.OpenFOAM.com                      |
|    \\/     M anipulation  |                                                 |
\*---------------------------------------------------------------------------*/
FoamFile
{
    version     2.0;
    format      ascii;
    class       labelList;
    location    "constant/polyMesh";
    object      pointProcAddressing;
}
// * * * * * * * * * * * * * * * * * * * * * * * * * * * * * * * * * * * * * //


462
(
0
1
2
3
4
5
6
7
8
9
10
21
22
23
24
25
26
27
28
29
30
31
42
43
44
45
46
47
48
49
50
51
52
63
64
65
66
67
68
69
70
71
72
73
84
85
86
87
88
89
90
91
92
93
94
105
106
107
108
109
110
111
112
113
114
115
126
127
128
129
130
131
132
133
134
135
136
147
148
149
150
151
152
153
154
155
156
157
168
169
170
171
172
173
174
175
176
177
178
189
190
191
192
193
194
195
196
197
198
199
210
211
212
213
214
215
216
217
218
219
220
231
232
233
234
235
236
237
238
239
240
241
252
253
254
255
256
257
258
259
260
261
262
273
274
275
276
277
278
279
280
281
282
283
294
295
296
297
298
299
300
301
302
303
304
315
316
317
318
319
320
321
322
323
324
325
336
337
338
339
340
341
342
343
344
345
346
357
358
359
360
361
362
363
364
365
366
367
378
379
380
381
382
383
384
385
386
387
388
399
400
401
402
403
404
405
406
407
408
409
420
421
422
423
424
425
426
427
428
429
430
441
442
443
444
445
446
447
448
449
450
451
462
463
464
465
466
467
468
469
470
471
472
483
484
485
486
487
488
489
490
491
492
493
504
505
506
507
508
509
510
511
512
513
514
525
526
527
528
529
530
531
532
533
534
535
546
547
548
549
550
551
552
553
554
555
556
567
568
569
570
571
572
573
574
575
576
577
588
589
590
591
592
593
594
595
596
597
598
609
610
611
612
613
614
615
616
617
618
619
630
631
632
633
634
635
636
637
638
639
640
651
652
653
654
655
656
657
658
659
660
661
672
673
674
675
676
677
678
679
680
681
682
693
694
695
696
697
698
699
700
701
702
703
714
715
716
717
718
719
720
721
722
723
724
735
736
737
738
739
740
741
742
743
744
745
756
757
758
759
760
761
762
763
764
765
766
777
778
779
780
781
782
783
784
785
786
787
798
799
800
801
802
803
804
805
806
807
808
819
820
821
822
823
824
825
826
827
828
829
840
841
842
843
844
845
846
847
848
849
850
861
862
863
864
865
866
867
868
869
870
871
)


// ************************************************************************* //
