/*--------------------------------*- C++ -*----------------------------------*\
| =========                 |                                                 |
| \\      /  F ield         | OpenFOAM: The Open Source CFD Toolbox           |
|  \\    /   O peration     | Version:  v1712                                 |
|   \\  /    A nd           | Web:      www.OpenFOAM.com                      |
|    \\/     M anipulation  |                                                 |
\*---------------------------------------------------------------------------*/
FoamFile
{
    version     2.0;
    format      ascii;
    class       labelList;
    location    "constant/polyMesh";
    object      cellProcAddressing;
}
// * * * * * * * * * * * * * * * * * * * * * * * * * * * * * * * * * * * * * //


200
(
10
11
12
13
14
15
16
17
18
19
30
31
32
33
34
35
36
37
38
39
50
51
52
53
54
55
56
57
58
59
70
71
72
73
74
75
76
77
78
79
90
91
92
93
94
95
96
97
98
99
110
111
112
113
114
115
116
117
118
119
130
131
132
133
134
135
136
137
138
139
150
151
152
153
154
155
156
157
158
159
170
171
172
173
174
175
176
177
178
179
190
191
192
193
194
195
196
197
198
199
210
211
212
213
214
215
216
217
218
219
230
231
232
233
234
235
236
237
238
239
250
251
252
253
254
255
256
257
258
259
270
271
272
273
274
275
276
277
278
279
290
291
292
293
294
295
296
297
298
299
310
311
312
313
314
315
316
317
318
319
330
331
332
333
334
335
336
337
338
339
350
351
352
353
354
355
356
357
358
359
370
371
372
373
374
375
376
377
378
379
390
391
392
393
394
395
396
397
398
399
)


// ************************************************************************* //
