/*--------------------------------*- C++ -*----------------------------------*\
| =========                 |                                                 |
| \\      /  F ield         | OpenFOAM: The Open Source CFD Toolbox           |
|  \\    /   O peration     | Version:  v1712                                 |
|   \\  /    A nd           | Web:      www.OpenFOAM.com                      |
|    \\/     M anipulation  |                                                 |
\*---------------------------------------------------------------------------*/
FoamFile
{
    version     2.0;
    format      ascii;
    class       faceList;
    location    "constant/polyMesh";
    object      faces;
}
// * * * * * * * * * * * * * * * * * * * * * * * * * * * * * * * * * * * * * //


830
(
4(1 12 243 232)
4(11 242 243 12)
4(2 13 244 233)
4(12 243 244 13)
4(3 14 245 234)
4(13 244 245 14)
4(4 15 246 235)
4(14 245 246 15)
4(5 16 247 236)
4(15 246 247 16)
4(6 17 248 237)
4(16 247 248 17)
4(7 18 249 238)
4(17 248 249 18)
4(8 19 250 239)
4(18 249 250 19)
4(9 20 251 240)
4(19 250 251 20)
4(20 251 252 21)
4(12 23 254 243)
4(22 253 254 23)
4(13 24 255 244)
4(23 254 255 24)
4(14 25 256 245)
4(24 255 256 25)
4(15 26 257 246)
4(25 256 257 26)
4(16 27 258 247)
4(26 257 258 27)
4(17 28 259 248)
4(27 258 259 28)
4(18 29 260 249)
4(28 259 260 29)
4(19 30 261 250)
4(29 260 261 30)
4(20 31 262 251)
4(30 261 262 31)
4(31 262 263 32)
4(23 34 265 254)
4(33 264 265 34)
4(24 35 266 255)
4(34 265 266 35)
4(25 36 267 256)
4(35 266 267 36)
4(26 37 268 257)
4(36 267 268 37)
4(27 38 269 258)
4(37 268 269 38)
4(28 39 270 259)
4(38 269 270 39)
4(29 40 271 260)
4(39 270 271 40)
4(30 41 272 261)
4(40 271 272 41)
4(31 42 273 262)
4(41 272 273 42)
4(42 273 274 43)
4(34 45 276 265)
4(44 275 276 45)
4(35 46 277 266)
4(45 276 277 46)
4(36 47 278 267)
4(46 277 278 47)
4(37 48 279 268)
4(47 278 279 48)
4(38 49 280 269)
4(48 279 280 49)
4(39 50 281 270)
4(49 280 281 50)
4(40 51 282 271)
4(50 281 282 51)
4(41 52 283 272)
4(51 282 283 52)
4(42 53 284 273)
4(52 283 284 53)
4(53 284 285 54)
4(45 56 287 276)
4(55 286 287 56)
4(46 57 288 277)
4(56 287 288 57)
4(47 58 289 278)
4(57 288 289 58)
4(48 59 290 279)
4(58 289 290 59)
4(49 60 291 280)
4(59 290 291 60)
4(50 61 292 281)
4(60 291 292 61)
4(51 62 293 282)
4(61 292 293 62)
4(52 63 294 283)
4(62 293 294 63)
4(53 64 295 284)
4(63 294 295 64)
4(64 295 296 65)
4(56 67 298 287)
4(66 297 298 67)
4(57 68 299 288)
4(67 298 299 68)
4(58 69 300 289)
4(68 299 300 69)
4(59 70 301 290)
4(69 300 301 70)
4(60 71 302 291)
4(70 301 302 71)
4(61 72 303 292)
4(71 302 303 72)
4(62 73 304 293)
4(72 303 304 73)
4(63 74 305 294)
4(73 304 305 74)
4(64 75 306 295)
4(74 305 306 75)
4(75 306 307 76)
4(67 78 309 298)
4(77 308 309 78)
4(68 79 310 299)
4(78 309 310 79)
4(69 80 311 300)
4(79 310 311 80)
4(70 81 312 301)
4(80 311 312 81)
4(71 82 313 302)
4(81 312 313 82)
4(72 83 314 303)
4(82 313 314 83)
4(73 84 315 304)
4(83 314 315 84)
4(74 85 316 305)
4(84 315 316 85)
4(75 86 317 306)
4(85 316 317 86)
4(86 317 318 87)
4(78 89 320 309)
4(88 319 320 89)
4(79 90 321 310)
4(89 320 321 90)
4(80 91 322 311)
4(90 321 322 91)
4(81 92 323 312)
4(91 322 323 92)
4(82 93 324 313)
4(92 323 324 93)
4(83 94 325 314)
4(93 324 325 94)
4(84 95 326 315)
4(94 325 326 95)
4(85 96 327 316)
4(95 326 327 96)
4(86 97 328 317)
4(96 327 328 97)
4(97 328 329 98)
4(89 100 331 320)
4(99 330 331 100)
4(90 101 332 321)
4(100 331 332 101)
4(91 102 333 322)
4(101 332 333 102)
4(92 103 334 323)
4(102 333 334 103)
4(93 104 335 324)
4(103 334 335 104)
4(94 105 336 325)
4(104 335 336 105)
4(95 106 337 326)
4(105 336 337 106)
4(96 107 338 327)
4(106 337 338 107)
4(97 108 339 328)
4(107 338 339 108)
4(108 339 340 109)
4(100 111 342 331)
4(110 341 342 111)
4(101 112 343 332)
4(111 342 343 112)
4(102 113 344 333)
4(112 343 344 113)
4(103 114 345 334)
4(113 344 345 114)
4(104 115 346 335)
4(114 345 346 115)
4(105 116 347 336)
4(115 346 347 116)
4(106 117 348 337)
4(116 347 348 117)
4(107 118 349 338)
4(117 348 349 118)
4(108 119 350 339)
4(118 349 350 119)
4(119 350 351 120)
4(111 122 353 342)
4(121 352 353 122)
4(112 123 354 343)
4(122 353 354 123)
4(113 124 355 344)
4(123 354 355 124)
4(114 125 356 345)
4(124 355 356 125)
4(115 126 357 346)
4(125 356 357 126)
4(116 127 358 347)
4(126 357 358 127)
4(117 128 359 348)
4(127 358 359 128)
4(118 129 360 349)
4(128 359 360 129)
4(119 130 361 350)
4(129 360 361 130)
4(130 361 362 131)
4(122 133 364 353)
4(132 363 364 133)
4(123 134 365 354)
4(133 364 365 134)
4(124 135 366 355)
4(134 365 366 135)
4(125 136 367 356)
4(135 366 367 136)
4(126 137 368 357)
4(136 367 368 137)
4(127 138 369 358)
4(137 368 369 138)
4(128 139 370 359)
4(138 369 370 139)
4(129 140 371 360)
4(139 370 371 140)
4(130 141 372 361)
4(140 371 372 141)
4(141 372 373 142)
4(133 144 375 364)
4(143 374 375 144)
4(134 145 376 365)
4(144 375 376 145)
4(135 146 377 366)
4(145 376 377 146)
4(136 147 378 367)
4(146 377 378 147)
4(137 148 379 368)
4(147 378 379 148)
4(138 149 380 369)
4(148 379 380 149)
4(139 150 381 370)
4(149 380 381 150)
4(140 151 382 371)
4(150 381 382 151)
4(141 152 383 372)
4(151 382 383 152)
4(152 383 384 153)
4(144 155 386 375)
4(154 385 386 155)
4(145 156 387 376)
4(155 386 387 156)
4(146 157 388 377)
4(156 387 388 157)
4(147 158 389 378)
4(157 388 389 158)
4(148 159 390 379)
4(158 389 390 159)
4(149 160 391 380)
4(159 390 391 160)
4(150 161 392 381)
4(160 391 392 161)
4(151 162 393 382)
4(161 392 393 162)
4(152 163 394 383)
4(162 393 394 163)
4(163 394 395 164)
4(155 166 397 386)
4(165 396 397 166)
4(156 167 398 387)
4(166 397 398 167)
4(157 168 399 388)
4(167 398 399 168)
4(158 169 400 389)
4(168 399 400 169)
4(159 170 401 390)
4(169 400 401 170)
4(160 171 402 391)
4(170 401 402 171)
4(161 172 403 392)
4(171 402 403 172)
4(162 173 404 393)
4(172 403 404 173)
4(163 174 405 394)
4(173 404 405 174)
4(174 405 406 175)
4(166 177 408 397)
4(176 407 408 177)
4(167 178 409 398)
4(177 408 409 178)
4(168 179 410 399)
4(178 409 410 179)
4(169 180 411 400)
4(179 410 411 180)
4(170 181 412 401)
4(180 411 412 181)
4(171 182 413 402)
4(181 412 413 182)
4(172 183 414 403)
4(182 413 414 183)
4(173 184 415 404)
4(183 414 415 184)
4(174 185 416 405)
4(184 415 416 185)
4(185 416 417 186)
4(177 188 419 408)
4(187 418 419 188)
4(178 189 420 409)
4(188 419 420 189)
4(179 190 421 410)
4(189 420 421 190)
4(180 191 422 411)
4(190 421 422 191)
4(181 192 423 412)
4(191 422 423 192)
4(182 193 424 413)
4(192 423 424 193)
4(183 194 425 414)
4(193 424 425 194)
4(184 195 426 415)
4(194 425 426 195)
4(185 196 427 416)
4(195 426 427 196)
4(196 427 428 197)
4(188 199 430 419)
4(198 429 430 199)
4(189 200 431 420)
4(199 430 431 200)
4(190 201 432 421)
4(200 431 432 201)
4(191 202 433 422)
4(201 432 433 202)
4(192 203 434 423)
4(202 433 434 203)
4(193 204 435 424)
4(203 434 435 204)
4(194 205 436 425)
4(204 435 436 205)
4(195 206 437 426)
4(205 436 437 206)
4(196 207 438 427)
4(206 437 438 207)
4(207 438 439 208)
4(199 210 441 430)
4(209 440 441 210)
4(200 211 442 431)
4(210 441 442 211)
4(201 212 443 432)
4(211 442 443 212)
4(202 213 444 433)
4(212 443 444 213)
4(203 214 445 434)
4(213 444 445 214)
4(204 215 446 435)
4(214 445 446 215)
4(205 216 447 436)
4(215 446 447 216)
4(206 217 448 437)
4(216 447 448 217)
4(207 218 449 438)
4(217 448 449 218)
4(218 449 450 219)
4(210 221 452 441)
4(211 222 453 442)
4(212 223 454 443)
4(213 224 455 444)
4(214 225 456 445)
4(215 226 457 446)
4(216 227 458 447)
4(217 228 459 448)
4(218 229 460 449)
4(220 451 452 221)
4(221 452 453 222)
4(222 453 454 223)
4(223 454 455 224)
4(224 455 456 225)
4(225 456 457 226)
4(226 457 458 227)
4(227 458 459 228)
4(228 459 460 229)
4(229 460 461 230)
4(10 21 252 241)
4(21 32 263 252)
4(32 43 274 263)
4(43 54 285 274)
4(54 65 296 285)
4(65 76 307 296)
4(76 87 318 307)
4(87 98 329 318)
4(98 109 340 329)
4(109 120 351 340)
4(120 131 362 351)
4(131 142 373 362)
4(142 153 384 373)
4(153 164 395 384)
4(164 175 406 395)
4(175 186 417 406)
4(186 197 428 417)
4(197 208 439 428)
4(208 219 450 439)
4(219 230 461 450)
4(0 1 232 231)
4(1 2 233 232)
4(2 3 234 233)
4(3 4 235 234)
4(4 5 236 235)
4(5 6 237 236)
4(6 7 238 237)
4(7 8 239 238)
4(8 9 240 239)
4(9 10 241 240)
4(0 11 12 1)
4(11 22 23 12)
4(22 33 34 23)
4(33 44 45 34)
4(44 55 56 45)
4(55 66 67 56)
4(66 77 78 67)
4(77 88 89 78)
4(88 99 100 89)
4(99 110 111 100)
4(110 121 122 111)
4(121 132 133 122)
4(132 143 144 133)
4(143 154 155 144)
4(154 165 166 155)
4(165 176 177 166)
4(176 187 188 177)
4(187 198 199 188)
4(198 209 210 199)
4(209 220 221 210)
4(1 12 13 2)
4(12 23 24 13)
4(23 34 35 24)
4(34 45 46 35)
4(45 56 57 46)
4(56 67 68 57)
4(67 78 79 68)
4(78 89 90 79)
4(89 100 101 90)
4(100 111 112 101)
4(111 122 123 112)
4(122 133 134 123)
4(133 144 145 134)
4(144 155 156 145)
4(155 166 167 156)
4(166 177 178 167)
4(177 188 189 178)
4(188 199 200 189)
4(199 210 211 200)
4(210 221 222 211)
4(2 13 14 3)
4(13 24 25 14)
4(24 35 36 25)
4(35 46 47 36)
4(46 57 58 47)
4(57 68 69 58)
4(68 79 80 69)
4(79 90 91 80)
4(90 101 102 91)
4(101 112 113 102)
4(112 123 124 113)
4(123 134 135 124)
4(134 145 146 135)
4(145 156 157 146)
4(156 167 168 157)
4(167 178 179 168)
4(178 189 190 179)
4(189 200 201 190)
4(200 211 212 201)
4(211 222 223 212)
4(3 14 15 4)
4(14 25 26 15)
4(25 36 37 26)
4(36 47 48 37)
4(47 58 59 48)
4(58 69 70 59)
4(69 80 81 70)
4(80 91 92 81)
4(91 102 103 92)
4(102 113 114 103)
4(113 124 125 114)
4(124 135 136 125)
4(135 146 147 136)
4(146 157 158 147)
4(157 168 169 158)
4(168 179 180 169)
4(179 190 191 180)
4(190 201 202 191)
4(201 212 213 202)
4(212 223 224 213)
4(4 15 16 5)
4(15 26 27 16)
4(26 37 38 27)
4(37 48 49 38)
4(48 59 60 49)
4(59 70 71 60)
4(70 81 82 71)
4(81 92 93 82)
4(92 103 104 93)
4(103 114 115 104)
4(114 125 126 115)
4(125 136 137 126)
4(136 147 148 137)
4(147 158 159 148)
4(158 169 170 159)
4(169 180 181 170)
4(180 191 192 181)
4(191 202 203 192)
4(202 213 214 203)
4(213 224 225 214)
4(5 16 17 6)
4(16 27 28 17)
4(27 38 39 28)
4(38 49 50 39)
4(49 60 61 50)
4(60 71 72 61)
4(71 82 83 72)
4(82 93 94 83)
4(93 104 105 94)
4(104 115 116 105)
4(115 126 127 116)
4(126 137 138 127)
4(137 148 149 138)
4(148 159 160 149)
4(159 170 171 160)
4(170 181 182 171)
4(181 192 193 182)
4(192 203 204 193)
4(203 214 215 204)
4(214 225 226 215)
4(6 17 18 7)
4(17 28 29 18)
4(28 39 40 29)
4(39 50 51 40)
4(50 61 62 51)
4(61 72 73 62)
4(72 83 84 73)
4(83 94 95 84)
4(94 105 106 95)
4(105 116 117 106)
4(116 127 128 117)
4(127 138 139 128)
4(138 149 150 139)
4(149 160 161 150)
4(160 171 172 161)
4(171 182 183 172)
4(182 193 194 183)
4(193 204 205 194)
4(204 215 216 205)
4(215 226 227 216)
4(7 18 19 8)
4(18 29 30 19)
4(29 40 41 30)
4(40 51 52 41)
4(51 62 63 52)
4(62 73 74 63)
4(73 84 85 74)
4(84 95 96 85)
4(95 106 107 96)
4(106 117 118 107)
4(117 128 129 118)
4(128 139 140 129)
4(139 150 151 140)
4(150 161 162 151)
4(161 172 173 162)
4(172 183 184 173)
4(183 194 195 184)
4(194 205 206 195)
4(205 216 217 206)
4(216 227 228 217)
4(8 19 20 9)
4(19 30 31 20)
4(30 41 42 31)
4(41 52 53 42)
4(52 63 64 53)
4(63 74 75 64)
4(74 85 86 75)
4(85 96 97 86)
4(96 107 108 97)
4(107 118 119 108)
4(118 129 130 119)
4(129 140 141 130)
4(140 151 152 141)
4(151 162 163 152)
4(162 173 174 163)
4(173 184 185 174)
4(184 195 196 185)
4(195 206 207 196)
4(206 217 218 207)
4(217 228 229 218)
4(9 20 21 10)
4(20 31 32 21)
4(31 42 43 32)
4(42 53 54 43)
4(53 64 65 54)
4(64 75 76 65)
4(75 86 87 76)
4(86 97 98 87)
4(97 108 109 98)
4(108 119 120 109)
4(119 130 131 120)
4(130 141 142 131)
4(141 152 153 142)
4(152 163 164 153)
4(163 174 175 164)
4(174 185 186 175)
4(185 196 197 186)
4(196 207 208 197)
4(207 218 219 208)
4(218 229 230 219)
4(231 232 243 242)
4(242 243 254 253)
4(253 254 265 264)
4(264 265 276 275)
4(275 276 287 286)
4(286 287 298 297)
4(297 298 309 308)
4(308 309 320 319)
4(319 320 331 330)
4(330 331 342 341)
4(341 342 353 352)
4(352 353 364 363)
4(363 364 375 374)
4(374 375 386 385)
4(385 386 397 396)
4(396 397 408 407)
4(407 408 419 418)
4(418 419 430 429)
4(429 430 441 440)
4(440 441 452 451)
4(232 233 244 243)
4(243 244 255 254)
4(254 255 266 265)
4(265 266 277 276)
4(276 277 288 287)
4(287 288 299 298)
4(298 299 310 309)
4(309 310 321 320)
4(320 321 332 331)
4(331 332 343 342)
4(342 343 354 353)
4(353 354 365 364)
4(364 365 376 375)
4(375 376 387 386)
4(386 387 398 397)
4(397 398 409 408)
4(408 409 420 419)
4(419 420 431 430)
4(430 431 442 441)
4(441 442 453 452)
4(233 234 245 244)
4(244 245 256 255)
4(255 256 267 266)
4(266 267 278 277)
4(277 278 289 288)
4(288 289 300 299)
4(299 300 311 310)
4(310 311 322 321)
4(321 322 333 332)
4(332 333 344 343)
4(343 344 355 354)
4(354 355 366 365)
4(365 366 377 376)
4(376 377 388 387)
4(387 388 399 398)
4(398 399 410 409)
4(409 410 421 420)
4(420 421 432 431)
4(431 432 443 442)
4(442 443 454 453)
4(234 235 246 245)
4(245 246 257 256)
4(256 257 268 267)
4(267 268 279 278)
4(278 279 290 289)
4(289 290 301 300)
4(300 301 312 311)
4(311 312 323 322)
4(322 323 334 333)
4(333 334 345 344)
4(344 345 356 355)
4(355 356 367 366)
4(366 367 378 377)
4(377 378 389 388)
4(388 389 400 399)
4(399 400 411 410)
4(410 411 422 421)
4(421 422 433 432)
4(432 433 444 443)
4(443 444 455 454)
4(235 236 247 246)
4(246 247 258 257)
4(257 258 269 268)
4(268 269 280 279)
4(279 280 291 290)
4(290 291 302 301)
4(301 302 313 312)
4(312 313 324 323)
4(323 324 335 334)
4(334 335 346 345)
4(345 346 357 356)
4(356 357 368 367)
4(367 368 379 378)
4(378 379 390 389)
4(389 390 401 400)
4(400 401 412 411)
4(411 412 423 422)
4(422 423 434 433)
4(433 434 445 444)
4(444 445 456 455)
4(236 237 248 247)
4(247 248 259 258)
4(258 259 270 269)
4(269 270 281 280)
4(280 281 292 291)
4(291 292 303 302)
4(302 303 314 313)
4(313 314 325 324)
4(324 325 336 335)
4(335 336 347 346)
4(346 347 358 357)
4(357 358 369 368)
4(368 369 380 379)
4(379 380 391 390)
4(390 391 402 401)
4(401 402 413 412)
4(412 413 424 423)
4(423 424 435 434)
4(434 435 446 445)
4(445 446 457 456)
4(237 238 249 248)
4(248 249 260 259)
4(259 260 271 270)
4(270 271 282 281)
4(281 282 293 292)
4(292 293 304 303)
4(303 304 315 314)
4(314 315 326 325)
4(325 326 337 336)
4(336 337 348 347)
4(347 348 359 358)
4(358 359 370 369)
4(369 370 381 380)
4(380 381 392 391)
4(391 392 403 402)
4(402 403 414 413)
4(413 414 425 424)
4(424 425 436 435)
4(435 436 447 446)
4(446 447 458 457)
4(238 239 250 249)
4(249 250 261 260)
4(260 261 272 271)
4(271 272 283 282)
4(282 283 294 293)
4(293 294 305 304)
4(304 305 316 315)
4(315 316 327 326)
4(326 327 338 337)
4(337 338 349 348)
4(348 349 360 359)
4(359 360 371 370)
4(370 371 382 381)
4(381 382 393 392)
4(392 393 404 403)
4(403 404 415 414)
4(414 415 426 425)
4(425 426 437 436)
4(436 437 448 447)
4(447 448 459 458)
4(239 240 251 250)
4(250 251 262 261)
4(261 262 273 272)
4(272 273 284 283)
4(283 284 295 294)
4(294 295 306 305)
4(305 306 317 316)
4(316 317 328 327)
4(327 328 339 338)
4(338 339 350 349)
4(349 350 361 360)
4(360 361 372 371)
4(371 372 383 382)
4(382 383 394 393)
4(393 394 405 404)
4(404 405 416 415)
4(415 416 427 426)
4(426 427 438 437)
4(437 438 449 448)
4(448 449 460 459)
4(240 241 252 251)
4(251 252 263 262)
4(262 263 274 273)
4(273 274 285 284)
4(284 285 296 295)
4(295 296 307 306)
4(306 307 318 317)
4(317 318 329 328)
4(328 329 340 339)
4(339 340 351 350)
4(350 351 362 361)
4(361 362 373 372)
4(372 373 384 383)
4(383 384 395 394)
4(394 395 406 405)
4(405 406 417 416)
4(416 417 428 427)
4(427 428 439 438)
4(438 439 450 449)
4(449 450 461 460)
4(0 231 242 11)
4(11 242 253 22)
4(22 253 264 33)
4(33 264 275 44)
4(44 275 286 55)
4(55 286 297 66)
4(66 297 308 77)
4(77 308 319 88)
4(88 319 330 99)
4(99 330 341 110)
4(110 341 352 121)
4(121 352 363 132)
4(132 363 374 143)
4(143 374 385 154)
4(154 385 396 165)
4(165 396 407 176)
4(176 407 418 187)
4(187 418 429 198)
4(198 429 440 209)
4(209 440 451 220)
)


// ************************************************************************* //
