/*--------------------------------*- C++ -*----------------------------------*\
| =========                 |                                                 |
| \\      /  F ield         | OpenFOAM: The Open Source CFD Toolbox           |
|  \\    /   O peration     | Version:  v1712                                 |
|   \\  /    A nd           | Web:      www.OpenFOAM.com                      |
|    \\/     M anipulation  |                                                 |
\*---------------------------------------------------------------------------*/
FoamFile
{
    version     2.0;
    format      ascii;
    class       vectorField;
    location    "constant/polyMesh";
    object      points;
}
// * * * * * * * * * * * * * * * * * * * * * * * * * * * * * * * * * * * * * //


462
(
(0.05 0 0)
(0.055 0 0)
(0.06 0 0)
(0.065 0 0)
(0.07 0 0)
(0.075 0 0)
(0.08 0 0)
(0.085 0 0)
(0.09 0 0)
(0.095 0 0)
(0.1 0 0)
(0.05 0.005 0)
(0.055 0.005 0)
(0.06 0.005 0)
(0.065 0.005 0)
(0.07 0.005 0)
(0.075 0.005 0)
(0.08 0.005 0)
(0.085 0.005 0)
(0.09 0.005 0)
(0.095 0.005 0)
(0.1 0.005 0)
(0.05 0.01 0)
(0.055 0.01 0)
(0.06 0.01 0)
(0.065 0.01 0)
(0.07 0.01 0)
(0.075 0.01 0)
(0.08 0.01 0)
(0.085 0.01 0)
(0.09 0.01 0)
(0.095 0.01 0)
(0.1 0.01 0)
(0.05 0.015 0)
(0.055 0.015 0)
(0.06 0.015 0)
(0.065 0.015 0)
(0.07 0.015 0)
(0.075 0.015 0)
(0.08 0.015 0)
(0.085 0.015 0)
(0.09 0.015 0)
(0.095 0.015 0)
(0.1 0.015 0)
(0.05 0.02 0)
(0.055 0.02 0)
(0.06 0.02 0)
(0.065 0.02 0)
(0.07 0.02 0)
(0.075 0.02 0)
(0.08 0.02 0)
(0.085 0.02 0)
(0.09 0.02 0)
(0.095 0.02 0)
(0.1 0.02 0)
(0.05 0.025 0)
(0.055 0.025 0)
(0.06 0.025 0)
(0.065 0.025 0)
(0.07 0.025 0)
(0.075 0.025 0)
(0.08 0.025 0)
(0.085 0.025 0)
(0.09 0.025 0)
(0.095 0.025 0)
(0.1 0.025 0)
(0.05 0.03 0)
(0.055 0.03 0)
(0.06 0.03 0)
(0.065 0.03 0)
(0.07 0.03 0)
(0.075 0.03 0)
(0.08 0.03 0)
(0.085 0.03 0)
(0.09 0.03 0)
(0.095 0.03 0)
(0.1 0.03 0)
(0.05 0.035 0)
(0.055 0.035 0)
(0.06 0.035 0)
(0.065 0.035 0)
(0.07 0.035 0)
(0.075 0.035 0)
(0.08 0.035 0)
(0.085 0.035 0)
(0.09 0.035 0)
(0.095 0.035 0)
(0.1 0.035 0)
(0.05 0.04 0)
(0.055 0.04 0)
(0.06 0.04 0)
(0.065 0.04 0)
(0.07 0.04 0)
(0.075 0.04 0)
(0.08 0.04 0)
(0.085 0.04 0)
(0.09 0.04 0)
(0.095 0.04 0)
(0.1 0.04 0)
(0.05 0.045 0)
(0.055 0.045 0)
(0.06 0.045 0)
(0.065 0.045 0)
(0.07 0.045 0)
(0.075 0.045 0)
(0.08 0.045 0)
(0.085 0.045 0)
(0.09 0.045 0)
(0.095 0.045 0)
(0.1 0.045 0)
(0.05 0.05 0)
(0.055 0.05 0)
(0.06 0.05 0)
(0.065 0.05 0)
(0.07 0.05 0)
(0.075 0.05 0)
(0.08 0.05 0)
(0.085 0.05 0)
(0.09 0.05 0)
(0.095 0.05 0)
(0.1 0.05 0)
(0.05 0.055 0)
(0.055 0.055 0)
(0.06 0.055 0)
(0.065 0.055 0)
(0.07 0.055 0)
(0.075 0.055 0)
(0.08 0.055 0)
(0.085 0.055 0)
(0.09 0.055 0)
(0.095 0.055 0)
(0.1 0.055 0)
(0.05 0.06 0)
(0.055 0.06 0)
(0.06 0.06 0)
(0.065 0.06 0)
(0.07 0.06 0)
(0.075 0.06 0)
(0.08 0.06 0)
(0.085 0.06 0)
(0.09 0.06 0)
(0.095 0.06 0)
(0.1 0.06 0)
(0.05 0.065 0)
(0.055 0.065 0)
(0.06 0.065 0)
(0.065 0.065 0)
(0.07 0.065 0)
(0.075 0.065 0)
(0.08 0.065 0)
(0.085 0.065 0)
(0.09 0.065 0)
(0.095 0.065 0)
(0.1 0.065 0)
(0.05 0.07 0)
(0.055 0.07 0)
(0.06 0.07 0)
(0.065 0.07 0)
(0.07 0.07 0)
(0.075 0.07 0)
(0.08 0.07 0)
(0.085 0.07 0)
(0.09 0.07 0)
(0.095 0.07 0)
(0.1 0.07 0)
(0.05 0.075 0)
(0.055 0.075 0)
(0.06 0.075 0)
(0.065 0.075 0)
(0.07 0.075 0)
(0.075 0.075 0)
(0.08 0.075 0)
(0.085 0.075 0)
(0.09 0.075 0)
(0.095 0.075 0)
(0.1 0.075 0)
(0.05 0.08 0)
(0.055 0.08 0)
(0.06 0.08 0)
(0.065 0.08 0)
(0.07 0.08 0)
(0.075 0.08 0)
(0.08 0.08 0)
(0.085 0.08 0)
(0.09 0.08 0)
(0.095 0.08 0)
(0.1 0.08 0)
(0.05 0.085 0)
(0.055 0.085 0)
(0.06 0.085 0)
(0.065 0.085 0)
(0.07 0.085 0)
(0.075 0.085 0)
(0.08 0.085 0)
(0.085 0.085 0)
(0.09 0.085 0)
(0.095 0.085 0)
(0.1 0.085 0)
(0.05 0.09 0)
(0.055 0.09 0)
(0.06 0.09 0)
(0.065 0.09 0)
(0.07 0.09 0)
(0.075 0.09 0)
(0.08 0.09 0)
(0.085 0.09 0)
(0.09 0.09 0)
(0.095 0.09 0)
(0.1 0.09 0)
(0.05 0.095 0)
(0.055 0.095 0)
(0.06 0.095 0)
(0.065 0.095 0)
(0.07 0.095 0)
(0.075 0.095 0)
(0.08 0.095 0)
(0.085 0.095 0)
(0.09 0.095 0)
(0.095 0.095 0)
(0.1 0.095 0)
(0.05 0.1 0)
(0.055 0.1 0)
(0.06 0.1 0)
(0.065 0.1 0)
(0.07 0.1 0)
(0.075 0.1 0)
(0.08 0.1 0)
(0.085 0.1 0)
(0.09 0.1 0)
(0.095 0.1 0)
(0.1 0.1 0)
(0.05 0 0.01)
(0.055 0 0.01)
(0.06 0 0.01)
(0.065 0 0.01)
(0.07 0 0.01)
(0.075 0 0.01)
(0.08 0 0.01)
(0.085 0 0.01)
(0.09 0 0.01)
(0.095 0 0.01)
(0.1 0 0.01)
(0.05 0.005 0.01)
(0.055 0.005 0.01)
(0.06 0.005 0.01)
(0.065 0.005 0.01)
(0.07 0.005 0.01)
(0.075 0.005 0.01)
(0.08 0.005 0.01)
(0.085 0.005 0.01)
(0.09 0.005 0.01)
(0.095 0.005 0.01)
(0.1 0.005 0.01)
(0.05 0.01 0.01)
(0.055 0.01 0.01)
(0.06 0.01 0.01)
(0.065 0.01 0.01)
(0.07 0.01 0.01)
(0.075 0.01 0.01)
(0.08 0.01 0.01)
(0.085 0.01 0.01)
(0.09 0.01 0.01)
(0.095 0.01 0.01)
(0.1 0.01 0.01)
(0.05 0.015 0.01)
(0.055 0.015 0.01)
(0.06 0.015 0.01)
(0.065 0.015 0.01)
(0.07 0.015 0.01)
(0.075 0.015 0.01)
(0.08 0.015 0.01)
(0.085 0.015 0.01)
(0.09 0.015 0.01)
(0.095 0.015 0.01)
(0.1 0.015 0.01)
(0.05 0.02 0.01)
(0.055 0.02 0.01)
(0.06 0.02 0.01)
(0.065 0.02 0.01)
(0.07 0.02 0.01)
(0.075 0.02 0.01)
(0.08 0.02 0.01)
(0.085 0.02 0.01)
(0.09 0.02 0.01)
(0.095 0.02 0.01)
(0.1 0.02 0.01)
(0.05 0.025 0.01)
(0.055 0.025 0.01)
(0.06 0.025 0.01)
(0.065 0.025 0.01)
(0.07 0.025 0.01)
(0.075 0.025 0.01)
(0.08 0.025 0.01)
(0.085 0.025 0.01)
(0.09 0.025 0.01)
(0.095 0.025 0.01)
(0.1 0.025 0.01)
(0.05 0.03 0.01)
(0.055 0.03 0.01)
(0.06 0.03 0.01)
(0.065 0.03 0.01)
(0.07 0.03 0.01)
(0.075 0.03 0.01)
(0.08 0.03 0.01)
(0.085 0.03 0.01)
(0.09 0.03 0.01)
(0.095 0.03 0.01)
(0.1 0.03 0.01)
(0.05 0.035 0.01)
(0.055 0.035 0.01)
(0.06 0.035 0.01)
(0.065 0.035 0.01)
(0.07 0.035 0.01)
(0.075 0.035 0.01)
(0.08 0.035 0.01)
(0.085 0.035 0.01)
(0.09 0.035 0.01)
(0.095 0.035 0.01)
(0.1 0.035 0.01)
(0.05 0.04 0.01)
(0.055 0.04 0.01)
(0.06 0.04 0.01)
(0.065 0.04 0.01)
(0.07 0.04 0.01)
(0.075 0.04 0.01)
(0.08 0.04 0.01)
(0.085 0.04 0.01)
(0.09 0.04 0.01)
(0.095 0.04 0.01)
(0.1 0.04 0.01)
(0.05 0.045 0.01)
(0.055 0.045 0.01)
(0.06 0.045 0.01)
(0.065 0.045 0.01)
(0.07 0.045 0.01)
(0.075 0.045 0.01)
(0.08 0.045 0.01)
(0.085 0.045 0.01)
(0.09 0.045 0.01)
(0.095 0.045 0.01)
(0.1 0.045 0.01)
(0.05 0.05 0.01)
(0.055 0.05 0.01)
(0.06 0.05 0.01)
(0.065 0.05 0.01)
(0.07 0.05 0.01)
(0.075 0.05 0.01)
(0.08 0.05 0.01)
(0.085 0.05 0.01)
(0.09 0.05 0.01)
(0.095 0.05 0.01)
(0.1 0.05 0.01)
(0.05 0.055 0.01)
(0.055 0.055 0.01)
(0.06 0.055 0.01)
(0.065 0.055 0.01)
(0.07 0.055 0.01)
(0.075 0.055 0.01)
(0.08 0.055 0.01)
(0.085 0.055 0.01)
(0.09 0.055 0.01)
(0.095 0.055 0.01)
(0.1 0.055 0.01)
(0.05 0.06 0.01)
(0.055 0.06 0.01)
(0.06 0.06 0.01)
(0.065 0.06 0.01)
(0.07 0.06 0.01)
(0.075 0.06 0.01)
(0.08 0.06 0.01)
(0.085 0.06 0.01)
(0.09 0.06 0.01)
(0.095 0.06 0.01)
(0.1 0.06 0.01)
(0.05 0.065 0.01)
(0.055 0.065 0.01)
(0.06 0.065 0.01)
(0.065 0.065 0.01)
(0.07 0.065 0.01)
(0.075 0.065 0.01)
(0.08 0.065 0.01)
(0.085 0.065 0.01)
(0.09 0.065 0.01)
(0.095 0.065 0.01)
(0.1 0.065 0.01)
(0.05 0.07 0.01)
(0.055 0.07 0.01)
(0.06 0.07 0.01)
(0.065 0.07 0.01)
(0.07 0.07 0.01)
(0.075 0.07 0.01)
(0.08 0.07 0.01)
(0.085 0.07 0.01)
(0.09 0.07 0.01)
(0.095 0.07 0.01)
(0.1 0.07 0.01)
(0.05 0.075 0.01)
(0.055 0.075 0.01)
(0.06 0.075 0.01)
(0.065 0.075 0.01)
(0.07 0.075 0.01)
(0.075 0.075 0.01)
(0.08 0.075 0.01)
(0.085 0.075 0.01)
(0.09 0.075 0.01)
(0.095 0.075 0.01)
(0.1 0.075 0.01)
(0.05 0.08 0.01)
(0.055 0.08 0.01)
(0.06 0.08 0.01)
(0.065 0.08 0.01)
(0.07 0.08 0.01)
(0.075 0.08 0.01)
(0.08 0.08 0.01)
(0.085 0.08 0.01)
(0.09 0.08 0.01)
(0.095 0.08 0.01)
(0.1 0.08 0.01)
(0.05 0.085 0.01)
(0.055 0.085 0.01)
(0.06 0.085 0.01)
(0.065 0.085 0.01)
(0.07 0.085 0.01)
(0.075 0.085 0.01)
(0.08 0.085 0.01)
(0.085 0.085 0.01)
(0.09 0.085 0.01)
(0.095 0.085 0.01)
(0.1 0.085 0.01)
(0.05 0.09 0.01)
(0.055 0.09 0.01)
(0.06 0.09 0.01)
(0.065 0.09 0.01)
(0.07 0.09 0.01)
(0.075 0.09 0.01)
(0.08 0.09 0.01)
(0.085 0.09 0.01)
(0.09 0.09 0.01)
(0.095 0.09 0.01)
(0.1 0.09 0.01)
(0.05 0.095 0.01)
(0.055 0.095 0.01)
(0.06 0.095 0.01)
(0.065 0.095 0.01)
(0.07 0.095 0.01)
(0.075 0.095 0.01)
(0.08 0.095 0.01)
(0.085 0.095 0.01)
(0.09 0.095 0.01)
(0.095 0.095 0.01)
(0.1 0.095 0.01)
(0.05 0.1 0.01)
(0.055 0.1 0.01)
(0.06 0.1 0.01)
(0.065 0.1 0.01)
(0.07 0.1 0.01)
(0.075 0.1 0.01)
(0.08 0.1 0.01)
(0.085 0.1 0.01)
(0.09 0.1 0.01)
(0.095 0.1 0.01)
(0.1 0.1 0.01)
)


// ************************************************************************* //
