/*--------------------------------*- C++ -*----------------------------------*\
| =========                 |                                                 |
| \\      /  F ield         | OpenFOAM: The Open Source CFD Toolbox           |
|  \\    /   O peration     | Version:  v1712                                 |
|   \\  /    A nd           | Web:      www.OpenFOAM.com                      |
|    \\/     M anipulation  |                                                 |
\*---------------------------------------------------------------------------*/
FoamFile
{
    version     2.0;
    format      ascii;
    class       labelList;
    location    "constant/polyMesh";
    object      pointProcAddressing;
}
// * * * * * * * * * * * * * * * * * * * * * * * * * * * * * * * * * * * * * //


462
(
10
11
12
13
14
15
16
17
18
19
20
31
32
33
34
35
36
37
38
39
40
41
52
53
54
55
56
57
58
59
60
61
62
73
74
75
76
77
78
79
80
81
82
83
94
95
96
97
98
99
100
101
102
103
104
115
116
117
118
119
120
121
122
123
124
125
136
137
138
139
140
141
142
143
144
145
146
157
158
159
160
161
162
163
164
165
166
167
178
179
180
181
182
183
184
185
186
187
188
199
200
201
202
203
204
205
206
207
208
209
220
221
222
223
224
225
226
227
228
229
230
241
242
243
244
245
246
247
248
249
250
251
262
263
264
265
266
267
268
269
270
271
272
283
284
285
286
287
288
289
290
291
292
293
304
305
306
307
308
309
310
311
312
313
314
325
326
327
328
329
330
331
332
333
334
335
346
347
348
349
350
351
352
353
354
355
356
367
368
369
370
371
372
373
374
375
376
377
388
389
390
391
392
393
394
395
396
397
398
409
410
411
412
413
414
415
416
417
418
419
430
431
432
433
434
435
436
437
438
439
440
451
452
453
454
455
456
457
458
459
460
461
472
473
474
475
476
477
478
479
480
481
482
493
494
495
496
497
498
499
500
501
502
503
514
515
516
517
518
519
520
521
522
523
524
535
536
537
538
539
540
541
542
543
544
545
556
557
558
559
560
561
562
563
564
565
566
577
578
579
580
581
582
583
584
585
586
587
598
599
600
601
602
603
604
605
606
607
608
619
620
621
622
623
624
625
626
627
628
629
640
641
642
643
644
645
646
647
648
649
650
661
662
663
664
665
666
667
668
669
670
671
682
683
684
685
686
687
688
689
690
691
692
703
704
705
706
707
708
709
710
711
712
713
724
725
726
727
728
729
730
731
732
733
734
745
746
747
748
749
750
751
752
753
754
755
766
767
768
769
770
771
772
773
774
775
776
787
788
789
790
791
792
793
794
795
796
797
808
809
810
811
812
813
814
815
816
817
818
829
830
831
832
833
834
835
836
837
838
839
850
851
852
853
854
855
856
857
858
859
860
871
872
873
874
875
876
877
878
879
880
881
)


// ************************************************************************* //
